4522752314 1032963675 3489788639
27512114 0 27512114
27442966 0 27442966
27431832 0 27431832
27442087 0 27442087
27411029 0 27411029
27450291 0 27450291
27479298 0 27479298
36552631 9123953 27428678
27853861 0 27853861
27872708 0 27872708
27847445 0 27847445
27811756 0 27811756
27801330 0 27801330
27871906 0 27871906
27782082 0 27782082
27837019 0 27837019
27853059 0 27853059
27866292 0 27866292
27764037 0 27764037
27885540 0 27885540
27787295 0 27787295
27870302 0 27870302
35112004 10844268 24267736
27881126 27881126 0
27980427 27980427 0
27991405 27991405 0
27914559 27914559 0
27973441 27973441 0
28008371 28008371 0
28061764 28061764 0
27868152 27868152 0
27970946 27970946 0
27934020 27934020 0
28063261 28063261 0
27920547 27920547 0
28005377 28005377 0
27982423 27982423 0
38735938 27938963 10796975
33700339 5543745 28156594
28087709 0 28087709
28230870 0 28230870
28311136 0 28311136
28145812 0 28145812
28268607 0 28268607
28052368 0 28052368
28322517 0 28322517
28140421 0 28140421
28270404 0 28270404
28056561 0 28056561
28239855 0 28239855
28291369 0 28291369
28187742 0 28187742
36624264 8495419 28128845
28228569 0 28228569
28355450 0 28355450
28303576 0 28303576
28335822 0 28335822
28189313 0 28189313
28351244 0 28351244
28347038 0 28347038
