Attaching 2 probes...
1 4522752314 1032963675 3489788639
2 4550264428 1032963675 3517300753
3 4577707394 1032963675 3544743719
4 4605139226 1032963675 3572175551
5 4632581313 1032963675 3599617638
6 4659992342 1032963675 3627028667
7 4687442633 1032963675 3654478958
8 4714921931 1032963675 3681958256
9 4751474562 1042087628 3709386934
10 4779328423 1042087628 3737240795
11 4807201131 1042087628 3765113503
12 4835048576 1042087628 3792960948
13 4862860332 1042087628 3820772704
14 4890661662 1042087628 3848574034
15 4918533568 1042087628 3876445940
16 4946315650 1042087628 3904228022
17 4974152669 1042087628 3932065041
18 5002005728 1042087628 3959918100
19 5029872020 1042087628 3987784392
20 5057636057 1042087628 4015548429
21 5085521597 1042087628 4043433969
22 5113308892 1042087628 4071221264
23 5141179194 1042087628 4099091566
24 5176291198 1052931896 4123359302
25 5204172324 1080813022 4123359302
26 5232152751 1108793449 4123359302
27 5260144156 1136784854 4123359302
28 5288058715 1164699413 4123359302
29 5316032156 1192672854 4123359302
30 5344040527 1220681225 4123359302
31 5372102291 1248742989 4123359302
32 5399970443 1276611141 4123359302
33 5427941389 1304582087 4123359302
34 5455875409 1332516107 4123359302
35 5483938670 1360579368 4123359302
36 5511859217 1388499915 4123359302
37 5539864594 1416505292 4123359302
38 5567847017 1444487715 4123359302
39 5606582955 1472426678 4134156277
40 5640283294 1477970423 4162312871
41 5668371003 1477970423 4190400580
42 5696601873 1477970423 4218631450
43 5724913009 1477970423 4246942586
44 5753058821 1477970423 4275088398
45 5781327428 1477970423 4303357005
46 5809379796 1477970423 4331409373
47 5837702313 1477970423 4359731890
48 5865842734 1477970423 4387872311
49 5894113138 1477970423 4416142715
50 5922169699 1477970423 4444199276
51 5950409554 1477970423 4472439131
52 5978700923 1477970423 4500730500
53 6006888665 1477970423 4528918242
54 6043512929 1486465842 4557047087
55 6071741498 1486465842 4585275656
56 6100096948 1486465842 4613631106
57 6128400524 1486465842 4641934682
58 6156736346 1486465842 4670270504
59 6184925659 1486465842 4698459817
60 6213276903 1486465842 4726811061
61 6241623941 1486465842 4755158099
